2
3
5
7
9
10
11
13
17
19
21
23
25
26
27
29
31
33
34
37
41
43
47
49
50
53
57
59
61
63
65
67
69
71
73
74
77
79
81
83
85
87
89
93
97
99
101
103
106
107
109
113
121
122
123
125
127
129
130
131
133
137
139
141
146
147
149
151
157
161
163
167
169
170
171
173
177
178
179
181
185
189
191
193
194
197
199
201
203
207
209
211
213
217
218
221
223
226
227
229
231
233
237
239
241
243
249
250
251
253
257
261
263
265
269
271
274
277
279
281
283
287
289
293
297
298
301
303
305
307
309
311
313
314
317
319
321
325
329
331
337
338
341
343
346
347
349
353
359
361
363
365
367
369
370
373
379
381
383
386
387
389
393
394
397
399
401
409
413
417
419
421
423
425
431
433
437
439
441
442
443
445
449
451
453
457
461
463
466
467
469
473
479
481
483
485
487
489
491
497
499
501
503
509
513
514
517
521
523
529
530
531
537
538
539
541
543
545
547
551
553
554
557
563
565
567
569
571
573
577
578
581
586
587
589
593
597
599
601
603
607
609
610
613
617
619
621
625
626
627
629
631
633
634
639
641
643
647
649
650
651
653
659
661
667
669
673
674
677
681
683
685
687
689
691
693
701
706
707
709
711
713
717
719
721
723
727
729
730
733
737
739
743
745
746
747
749
751
753
757
759
761
769
773
778
779
781
783
785
787
789
793
794
797
809
811
813
817
821
823
827
829
837
839
841
842
843
845
847
849
850
853
857
859
861
863
865
866
869
877
881
883
887
889
890
891
893
899
901
903
907
909
911
913
914
917
919
921
925
927
929
931
933
937
941
943
947
949
953
957
961
962
963
965
967
970
971
973
977
983
985
987
989
991
993
997
1009
1013
1019
1021
1023
1029
1031
1033
1037
1039
1041
1047
1049
1051
1057
1061
1063
1069
1077
1081
1083
1087
1089
1090
1091
1093
1097
1101
1103
1105
1107
1109
1111
1114
1117
1121
1123
1127
1129
1130
1133
1137
1141
1143
1149
1151
1153
1154
1157
1161
1163
1165
1169
1171
1177
1179
1181
1186
1187
1189
1193
1197
1201
1203
1213
1217
1223
1226
1227
1229
1231
1234
1237
1239
1241
1247
1249
1250
1251
1253
1257
1258
1259
1261
1267
1269
1271
1273
1277
1279
1283
1285
1289
1291
1293
1297
1301
1303
1306
1307
1311
1317
1319
1321
1322
1323
1325
1327
1329
1331
1333
1337
1345
1346
1347
1349
1353
1354
1357
1359
1361
1363
1367
1369
1370
1373
1378
1381
1383
1385
1389
1393
1397
1399
1401
1402
1407
1409
1417
1419
1421
1423
1427
1429
1433
1437
1439
1441
1445
1447
1449
1451
1453
1457
1459
1461
1463
1465
1466
1467
1469
1471
1473
1477
1481
1483
1487
1489
1490
1491
1493
1497
1499
1501
1503
1509
1511
1513
1514
1519
1522
1523
1525
1527
1529
1531
1539
1541
1543
1546
1549
1551
1553
1559
1561
1563
1565
1567
1569
1570
1571
1577
1579
1583
1585
1586
1587
1589
1593
1594
1597
1601
1603
1607
1609
1611
1613
1617
1619
1621
1623
1625
1627
1629
1633
1637
1641
1642
1649
1653
1657
1658
1659
1661
1663
1667
1669
1673
1681
1685
1687
1689
1690
1693
1697
1699
1701
1706
1707
1709
1711
1713
1714
1719
1721
1723
1730
1733
1741
1743
1747
1753
1754
1757
1759
1761
1763
1765
1767
1771
1777
1781
1783
1787
1789
1791
1793
1797
1801
1802
1803
1809
1811
1817
1821
1823
1825
1827
1829
1831
1837
1841
1847
1849
1850
1853
1857
1861
1863
1865
1867
1871
1873
1874
1877
1879
1881
1889
1893
1897
1898
1899
1901
1906
1907
1909
1913
1917
1919
1921
1923
1927
1929
1930
1931
1933
1937
1941
1943
1945
1947
1949
1951
1953
1954
1957
1961
1967
1969
1970
1973
1977
1979
1981
1985
1987
1991
1993
1994
1997
1999
2001
2003
2007
2009
2011
2017
2021
2026
2027
2029
2033
2039
2041
2043
2049
2053
2059
2061
2063
2066
2069
2073
2074
2077
2079
2081
2083
2087
2089
2099
2101
2105
2107
2111
2113
2121
2125
2127
2129
2131
2133
2137
2138
2139
2141
2143
2149
2151
2153
2157
2161
2163
2165
2169
2177
2179
2181
2186
2187
2189
2194
2197
2201
2203
2207
2209
2210
2211
2213
2217
2221
2225
2229
2233
2234
2237
2239
2241
2243
2247
2249
2251
2253
2257
2259
2267
2269
2273
2277
2281
2285
2287
2291
2293
2297
2299
2303
2306
2307
2309
2311
2314
2317
2321
2323
2329
2330
2333
2337
2339
2341
2343
2347
2349
2351
2357
2361
2362
2367
2369
2371
2377
2381
2383
2386
2387
2389
2393
2399
2401
2405
2407
2411
2413
2417
2419
2423
2425
2426
2427
2429
2433
2434
2437
2439
2441
2443
2447
2449
2451
2453
2459
2461
2467
2469
2473
2474
2477
2481
2482
2489
2497
2503
2509
2511
2513
2517
2519
2521
2522
2523
2527
2529
2531
2533
2537
2539
2541
2543
2547
2549
2551
2554
2557
2561
2569
2570
2573
2577
2579
2583
2589
2591
2593
2594
2602
2607
2609
2617
2621
2629
2633
2641
2643
2647
2649
2650
2651
2653
2657
2659
2661
2663
2667
2669
2671
2673
2677
2679
2681
2683
2687
2689
2690
2693
2697
2699
2701
2707
2709
2711
2713
2719
2721
2725
2727
2729
2731
2733
2738
2739
2741
2746
2747
2749
2751
2753
2757
2761
2762
2763
2767
2770
2773
2777
2781
2783
2785
2787
2789
2791
2793
2797
2799
2801
2803
2807
2809
2819
2823
2825
2829
2833
2834
2837
2841
2843
2851
2857
2858
2861
2863
2866
2869
2871
2873
2879
2881
2883
2885
2887
2889
2890
2891
2893
2897
2901
2903
2906
2909
2911
2913
2917
2919
2921
2927
2929
2930
2933
2938
2939
2941
2949
2953
2957
2961
2963
2965
2967
2969
2971
2973
2979
2981
2986
2987
2999
3001
3011
3013
3017
3019
3023
3026
3027
3029
3037
3041
3049
3050
3053
3057
3059
3061
3063
3065
3067
3069
3073
3079
3083
3085
3087
3089
3091
3093
3097
3101
3103
3106
3109
3113
3117
3119
3121
3123
3125
3130
3131
3137
3141
3143
3145
3147
3149
3153
3157
3163
3167
3169
3170
3171
3173
3181
3183
3187
3189
3191
3193
3194
3197
3203
3209
3217
3221
3226
3227
3229
3231
3233
3239
3241
3243
3249
3250
3251
3253
3257
3259
3261
3265
3267
3269
3271
3273
3274
3281
3283
3293
3298
3299
3301
3303
3305
3307
3309
3311
3313
3314
3317
3319
3321
3323
3327
3329
3331
3333
3337
3341
3343
3347
3349
3353
3359
3361
3363
3365
3369
3370
3371
3373
3377
3381
3385
3386
3387
3389
3391
3394
3397
3399
3401
3403
3407
3409
3411
3413
3421
3423
3425
3429
3433
3437
3439
3445
3447
3449
3453
3457
3461
3463
3466
3467
3469
3473
3479
3481
3483
3489
3491
3493
3497
3499
3505
3506
3507
3509
3511
3513
3517
3521
3527
3529
3530
3531
3533
3537
3539
3541
3547
3554
3557
3559
3561
3562
3563
3567
3569
3571
3581
3583
3589
3591
3593
3601
3603
3607
3609
3613
3617
3619
3623
3629
3631
3637
3641
3643
3647
3650
3659
3661
3665
3669
3671
3673
3677
3681
3683
3687
3691
3693
3697
3701
3703
3706
3709
3713
3717
3719
3721
3725
3727
3730
3733
3739
3741
3746
3747
3749
3751
3753
3754
3757
3759
3761
3767
3769
3771
3773
3777
3779
3781
3785
3787
3793
3797
3799
3801
3802
3803
3805
3807
3809
3813
3817
3819
3821
3823
3826
3829
3833
3837
3839
3841
3842
3847
3849
3851
3853
3857
3863
3865
3866
3867
3869
3871
3873
3874
3877
3879
3881
3889
3890
3898
3901
3907
3909
3911
3917
3919
3921
3922
3923
3925
3929
3931
3933
3937
3941
3943
3946
3947
3949
3951
3953
3957
3961
3963
3965
3967
3969
3970
3971
3981
3983
3985
3986
3987
3989
3993
3994
3997
3999
4001
4003
4007
4009
4011
4013
4019
4021
4027
4031
4033
4034
4037
4041
4047
4049
4051
4057
4059
4061
4067
4069
4071
4073
4077
4079
4082
4083
4089
4091
4093
4099
4101
4105
4106
4109
4111
4117
4121
4123
4127
4129
4133
4139
4141
4145
4149
4153
4157
4159
4163
4167
4169
4177
4178
4179
4181
4189
4191
4193
4197
4201
4203
4207
4210
4211
4213
4217
4219
4221
4223
4225
4226
4227
4229
4231
4237
4241
4243
4249
4250
4253
4257
4259
4261
4263
4265
4269
4271
4273
4274
4281
4282
4283
4285
4289
4297
4306
4309
4311
4313
4317
4323
4325
4327
4330
4333
4337
4339
4341
4343
4347
4349
4351
4353
4357
4363
4369
4371
4373
4377
4379
4381
4383
4385
4387
4389
4391
4393
4394
4397
4401
4409
4411
4413
4417
4419
4421
4423
4426
4429
4431
4441
4442
4443
4447
4449
4450
4451
4453
4457
4461
4463
4467
4473
4474
4481
4483
4487
4489
4491
4493
4497
4498
4499
4501
4503
4505
4507
4509
4513
4514
4517
4519
4523
4527
4529
4533
4538
4541
4543
4546
4547
4549
4557
4561
4567
4569
4570
4573
4577
4579
4581
4583
4586
4587
4589
4591
4593
4594
4597
4601
4603
4609
4613
4617
4618
4621
4623
4625
4629
4637
4639
4643
4647
4649
4651
4653
4657
4658
4661
4663
4666
4669
4673
4677
4679
4681
4682
4683
4685
4689
4691
4701
4703
4707
4709
4713
4714
4717
4721
4723
4727
4729
4731
4733
4737
4741
4745
4747
4749
4751
4754
4757
4759
4761
4762
4765
4767
4769
4779
4781
4783
4786
4787
4789
4793
4799
4801
4803
4807
4809
4810
4813
4817
4821
4825
4827
4829
4831
4833
4834
4837
4841
4843
4849
4850
4851
4853
4857
4861
4863
4869
4871
4873
4874
4877
4881
4882
4885
4887
4889
4897
4899
4903
4909
4913
4919
4923
4925
4931
4933
4937
4939
4943
4946
4949
4951
4954
4957
4959
4961
4963
4967
4969
4973
4977
4981
4983
4985
4987
4989
4991
4993
4997
4999
5001
5003
5007
5009
5011
5018
5019
5021
5023
5029
5033
5039
5041
5043
5047
5051
5053
5057
5059
5061
5065
5066
5067
5069
5071
5077
5081
5087
5089
5093
5097
5098
5099
5101
5103
5107
5113
5114
5119
5121
5122
5127
5129
5133
5137
5139
5141
5147
5149
5153
5157
5159
5161
5163
5165
5167
5169
5171
5173
5177
5179
5185
5186
5189
5191
5197
5201
5203
5207
5209
5221
5223
5227
5229
5231
5233
5234
5237
5241
5243
5249
5257
5261
5266
5267
5269
5271
5273
5277
5279
5281
5283
5289
5293
5297
5301
5303
5309
5313
5314
5321
5323
5329
5333
5338
5339
5345
5347
5349
5351
5354
5357
5361
5367
5371
5373
5377
5379
5381
5383
5386
5387
5389
5391
5393
5399
5401
5402
5403
5407
5409
5413
5417
5419
5426
5427
5429
5431
5433
5437
5441
5443
5449
5450
5451
5453
5461
5463
5465
5467
5469
5471
5473
5477
5479
5481
5482
5483
5485
5487
5489
5493
5497
5498
5501
5503
5506
5507
5509
5511
5513
5519
5521
5523
5525
5527
5531
5533
5539
5541
5543
5547
5549
5554
5557
5561
5563
5569
5570
5571
5573
5578
5581
5583
5585
5589
5591
5594
5599
5601
5609
5611
5613
5618
5623
5629
5633
5637
5639
5641
5643
5647
5650
5651
5653
5657
5659
5663
5666
5667
5669
5674
5677
5679
5683
5687
5689
5691
5693
5697
5699
5701
5711
5714
5717
5719
5721
5727
5729
5731
5737
5741
5743
5746
5749
5751
5753
5757
5761
5765
5769
5770
5771
5773
5777
5779
5781
5783
5785
5787
5789
5791
5793
5794
5801
5807
5809
5813
5818
5819
5821
5823
5825
5827
5829
5833
5834
5839
5841
5843
5849
5851
5853
5857
5859
5861
5867
5869
5871
5873
5879
5881
5882
5887
5893
5897
5901
5903
5905
5906
5907
5909
5914
5917
5921
5923
5927
5929
5930
5931
5937
5939
5941
5943
5951
5953
5959
5961
5965
5969
5973
5977
5981
5987
5989
5997
6001
6002
6003
6007
6009
6011
6013
6017
6021
6027
6029
6033
6037
6041
6043
6047
6049
6053
6058
6061
6063
6065
6067
6073
6074
6077
6079
6081
6083
6085
6087
6089
6091
6099
6101
6113
6117
6119
6121
6122
6129
6130
6131
6133
6143
6147
6151
6157
6163
6167
6169
6170
6173
6177
6181
6183
6185
6189
6191
6193
6197
6199
6203
6205
6207
6209
6211
6217
6218
6219
6221
6223
6229
6231
6233
6237
6241
6243
6247
6249
6250
6251
6253
6257
6259
6261
6263
6269
6271
6274
6277
6281
6287
6289
6290
6293
6297
6299
6301
6303
6305
6311
6313
6317
6321
6323
6329
6333
6337
6341
6343
6349
6353
6359
6361
6362
6363
6367
6373
6377
6379
6381
6385
6387
6389
6391
6393
6397
6399
6401
6417
6419
6421
6425
6427
6429
6433
6434
6442
6447
6449
6451
6453
6457
6458
6463
6466
6467
6469
6471
6473
6479
6481
6483
6485
6489
6491
6493
6497
6503
6505
6506
6507
6509
6514
6517
6521
6529
6530
6531
6533
6537
6541
6543
6547
6551
6553
6557
6561
6562
6563
6567
6569
6571
6577
6581
6583
6586
6587
6589
6593
6599
6601
6603
6607
6609
6610
6611
6613
6619
6621
6625
6626
6627
6629
6631
6633
6637
6641
6649
6651
6653
6659
6661
6673
6677
6679
6682
6683
6687
6689
6691
6698
6699
6701
6703
6709
6717
6719
6723
6725
6727
6729
6730
6733
6737
6741
6746
6749
6753
6759
6761
6763
6767
6769
6770
6777
6779
6781
6791
6793
6797
6801
6803
6809
6811
6821
6823
6826
6827
6829
6831
6833
6841
6843
6845
6847
6850
6857
6859
6861
6863
6865
6866
6869
6871
6873
6881
6883
6889
6890
6893
6897
6899
6901
6905
6907
6909
6911
6913
6914
6917
6921
6923
6925
6931
6933
6937
6941
6947
6949
6951
6959
6961
6963
6967
6969
6971
6973
6977
6983
6989
6991
6994
6997
7001
7009
7010
7011
7013
7017
7019
7027
7029
7034
7037
7039
7041
7043
7047
7051
7053
7057
7058
7061
7063
7066
7069
7073
7079
7081
7082
7083
7085
7097
7099
7101
7103
7107
7109
7113
7114
7117
7121
7127
7129
7133
7139
7141
7145
7147
7149
7151
7153
7157
7159
7161
7165
7167
7169
7171
7177
7178
7181
7186
7187
7193
7197
7201
7202
7203
7207
7211
7213
7217
7219
7221
7225
7226
7229
7233
7234
7237
7239
7241
7243
7247
7249
7253
7257
7261
7265
7269
7273
7274
7277
7279
7281
7283
7287
7289
7297
7299
7307
7309
7313
7317
7321
7325
7329
7330
7331
7333
7337
7339
7341
7343
7345
7346
7347
7349
7351
7353
7354
7357
7359
7361
7369
7377
7383
7393
7394
7399
7401
7402
7407
7409
7411
7417
7418
7421
7427
7433
7441
7442
7443
7450
7451
7457
7459
7465
7466
7467
7471
7477
7481
7487
7489
7491
7493
7499
7501
7507
7509
7513
7514
7517
7523
7529
7533
7537
7539
7541
7547
7549
7551
7557
7559
7561
7563
7565
7567
7569
7570
7573
7577
7581
7583
7586
7587
7589
7591
7593
7594
7597
7601
7603
7607
7609
7610
7611
7613
7617
7618
7619
7621
7623
7625
7627
7629
7637
7639
7641
7643
7649
7653
7661
7666
7669
7673
7681
7687
7691
7697
7699
7703
7706
7707
7709
7717
7719
7721
7723
7727
7729
7730
7731
7737
7738
7741
7749
7753
7754
7757
7759
7762
7763
7765
7767
7769
7771
7773
7777
7781
7783
7789
7793
7799
7817
7821
7823
7825
7827
7829
7831
7834
7841
7843
7847
7849
7850
7853
7859
7861
7863
7867
7873
7877
7879
7883
7887
7889
7897
7901
7903
7907
7909
7919
7921
7922
7923
7925
7927
7929
7930
7931
7933
7937
7941
7947
7949
7951
7953
7957
7959
7961
7963
7969
7970
7977
7979
7981
7983
7985
7987
7989
7993
7997
8001
8009
8011
8013
8017
8019
8021
8026
8027
8037
8039
8043
8049
8053
8057
8059
8061
8065
8066
8067
8069
8081
8087
8089
8091
8093
8097
8101
8107
8111
8114
8117
8121
8123
8125
8127
8129
8133
8137
8138
8141
8146
8147
8149
8153
8157
8159
8161
8163
8167
8171
8173
8177
8179
8181
8183
8185
8186
8187
8189
8191
8193
8197
8199
8201
8207
8209
8210
8213
8217
8219
8221
8231
8233
8237
8239
8241
8242
8243
8245
8249
8253
8257
8261
8263
8266
8269
8271
8273
8283
8285
8287
8289
8290
8291
8293
8297
8301
8303
8306
8309
8311
8314
8317
8319
8321
8323
8329
8341
8343
8349
8353
8354
8357
8361
8362
8363
8369
8373
8377
8379
8383
8387
8389
8397
8401
8402
8403
8407
8409
8413
8417
8419
8421
8423
8425
8429
8431
8434
8441
8443
8447
8450
8453
8457
8459
8461
8465
8467
8469
8485
8487
8489
8501
8506
8507
8509
8513
8521
8522
8523
8527
8529
8530
8531
8537
8539
8543
8546
8549
8553
8557
8561
8563
8569
8570
8573
8581
8583
8589
8591
8593
8594
8597
8599
8603
8607
8609
8613
8617
8621
8623
8627
8629
8633
8637
8641
8643
8647
8649
8650
8651
8657
8661
8663
8665
8667
8669
8673
8674
8677
8679
8681
8689
8693
8698
8699
8703
8707
8709
8711
8713
8714
8717
8719
8729
8731
8733
8737
8738
8739
8741
8743
8746
8747
8749
8753
8757
8759
8761
8762
8763
8765
8770
8771
8773
8777
8779
8781
8783
8787
8794
8797
8799
8801
8803
8807
8809
8813
8817
8819
8821
8825
8831
8837
8839
8842
8847
8849
8861
8863
8867
8869
8873
8881
8883
8885
8887
8889
8893
8897
8899
8901
8903
8905
8906
8907
8909
8911
8913
8914
8919
8921
8923
8929
8933
8937
8941
8943
8951
8953
8957
8961
8963
8969
8971
8977
8981
8986
8987
8997
8999
9001
9007
9010
9011
9013
9017
9019
9023
9026
9029
9033
9034
9037
9039
9041
9043
9049
9051
9053
9057
9059
9067
9069
9073
9081
9089
9091
9097
9101
9103
9109
9113
9121
9123
9125
9127
9133
9137
9143
9146
9147
9149
9151
9157
9159
9161
9169
9171
9173
9177
9178
9181
9187
9189
9194
9199
9201
9203
9207
9209
9219
9221
9223
9227
9229
9233
9237
9239
9241
9247
9249
9250
9251
9253
9257
9261
9265
9267
9273
9274
9277
9279
9281
9283
9289
9291
9293
9301
9303
9307
9309
9311
9313
9314
9317
9319
9323
9325
9329
9331
9337
9339
9341
9343
9346
9349
9351
9353
9357
9359
9363
9365
9369
9370
9371
9377
9385
9389
9391
9393
9397
9403
9407
9409
9413
9418
9419
9421
9423
9429
9431
9433
9434
9437
9439
9441
9443
9447
9449
9458
9459
9461
9463
9466
9467
9469
9471
9473
9479
9481
9489
9490
9491
9493
9497
9499
9501
9505
9507
9509
9511
9513
9517
9519
9521
9527
9529
9530
9533
9539
9541
9547
9549
9551
9557
9559
9561
9565
9567
9569
9573
9577
9579
9586
9587
9589
9591
9599
9601
9605
9609
9613
9617
9619
9623
9626
9627
9629
9631
9634
9637
9641
9643
9649
9650
9661
9665
9671
9677
9679
9681
9685
9689
9691
9693
9697
9698
9701
9713
9717
9719
9721
9723
9725
9729
9733
9739
9743
9745
9747
9749
9751
9753
9754
9757
9761
9767
9769
9770
9777
9779
9781
9783
9787
9791
9793
9799
9801
9803
9805
9807
9809
9811
9813
9817
9818
9819
9823
9826
9829
9833
9839
9841
9847
9849
9850
9851
9853
9857
9859
9863
9865
9866
9869
9871
9874
9881
9883
9887
9889
9893
9897
9899
9901
9903
9907
9909
9913
9914
9917
9921
9923
9925
9927
9929
9931
9933
9937
9941
9946
9947
9949
9951
9953
9957
9961
9962
9963
9965
9967
9969
9970
9973
9977
9981
9985
9986
9987
9989
9993
9999
10001
10007
10009
10011
10018
10021
10029
10033
10037
10039
10041
10043
10049
10051
10057
10059
10061
10063
10067
10069
10073
10077
10079
10081
10083
10085
10087
10089
10091
10093
10097
10099
10103
10107
10109
10111
10113
10114
10117
10121
10129
10130
10131
10133
10138
10139
10141
10143
10151
10154
10157
10159
10161
10163
10167
10169
10173
10177
10181
10189
10191
10193
10197
10199
10201
10203
10205
10209
10211
10213
10219
10221
10223
10226
10227
10229
10233
10241
10243
10247
10249
10253
10259
10261
10263
10265
10267
10269
10271
10273
10277
10279
10282
10287
10289
10291
10297
10301
10303
10306
10309
10311
10313
10317
10321
10322
10327
10330
10331
10333
10337
10339
10341
10343
10347
10349
10351
10357
10359
10361
10363
10367
10369
10370
10373
10378
10381
10383
10389
10391
10393
10394
10399
10401
10403
10407
10409
10411
10417
10418
10419
10421
10423
10427
10429
10433
10437
10441
10443
10445
10449
10453
10457
10459
10463
10466
10467
10469
10473
10474
10477
10479
10481
10487
10489
10493
10497
10499
10501
10507
10513
10521
10525
10527
10529
10531
10533
10539
10541
10546
10553
10559
10561
10563
10565
10567
10571
10573
10577
10581
10589
10593
10594
10597
10601
10603
10607
10609
10611
10613
10617
10618
10625
10627
10631
10633
10637
10639
10641
10642
10643
10649
10651
10657
10658
10661
10663
10666
10667
10669
10673
10677
10679
10681
10683
10685
10687
10689
10690
10691
10693
10697
10701
10703
10705
10707
10709
10711
10713
10717
10721
10723
10729
10733
10739
10741
10743
10749
10753
10757
10762
10763
10765
10771
10773
10777
10778
10781
10783
10786
10787
10789
10793
10799
10801
10807
10809
10811
10813
10819
10821
10825
10826
10827
10831
10834
10837
10841
10843
10847
10849
10853
10857
10858
10859
10861
10867
10869
10873
10874
10877
10879
10883
10887
10889
10891
10893
10901
10903
10909
10913
10921
10923
10927
10929
10930
10937
10939
10941
10946
10949
10954
10957
10961
10969
10970
10973
10977
10979
10981
10983
10985
10987
10991
10993
10997
11002
11003
11007
11013
11017
11021
11026
11027
11039
11043
11047
11049
11050
11053
11057
11059
11061
11065
11069
11071
11073
11079
11081
11083
11087
11089
11093
11099
11101
11105
11107
11109
11111
11113
11114
11117
11119
11123
11125
11129
11131
11139
11141
11146
11149
11151
11153
11157
11159
11161
11162
11170
11171
11173
11177
11181
11185
11189
11191
11197
11201
11207
11209
11213
11217
11221
11223
11231
11233
11237
11239
11241
11243
11245
11247
11249
11251
11253
11257
11258
11259
11261
11263
11269
11273
11277
11279
11283
11285
11287
11293
11299
11301
11306
11307
11309
11311
11313
11314
11317
11319
11321
11327
11329
11331
11333
11337
11341
11343
11345
11347
11351
11353
11361
11365
11369
11377
11381
11383
11386
11389
11393
11397
11399
11401
11402
11403
11409
11411
11419
11421
11423
11425
11429
11431
11434
11437
11439
11441
11443
11447
11449
11451
11457
11458
11461
11463
11465
11467
11469
11471
11474
11477
11483
11485
11487
11489
11491
11497
11498
11503
11509
11511
11517
11519
11521
11523
11527
11530
11533
11537
11539
11541
11545
11547
11549
11551
11553
11554
11561
11569
11570
11571
11573
11579
11581
11587
11589
11593
11597
11601
11603
11613
11617
11618
11619
11621
11626
11627
11629
11633
11637
11641
11642
11645
11650
11653
11657
11665
11667
11669
11671
11677
11681
11683
11689
11693
11698
11699
11701
11703
11705
11707
11711
11713
11714
11717
11719
11721
11727
11729
11731
11733
11741
11743
11749
11757
11761
11763
11767
11769
11773
11777
11779
11783
11785
11787
11789
11793
11794
11797
11799
11801
11807
11809
11810
11811
11813
11821
11823
11827
11829
11831
11833
11834
11839
11841
11847
11853
11857
11859
11861
11863
11867
11871
11873
11881
11882
11885
11887
11889
11891
11893
11897
11901
11903
11905
11906
11907
11909
11913
11917
11923
11927
11929
11930
11933
11939
11941
11943
11949
11953
11957
11959
11961
11963
11965
11967
11969
11971
11977
11978
11979
11981
11983
11987
11989
11991
11993
11997
12001
12002
12003
12007
12009
12011
12017
12021
12025
12027
12029
12033
12037
12041
12043
12047
12049
12057
12058
12061
12063
12071
12073
12074
12081
12083
12085
12093
12097
12101
12106
12107
12109
12111
12113
12119
12123
12125
12127
12130
12133
12141
12143
12146
12147
12149
12151
12153
12157
12161
12163
12167
12169
12170
12177
12179
12181
12183
12185
12187
12193
12197
12199
12201
12202
12203
12205
12211
12213
12217
12221
12226
12227
12229
12231
12237
12239
12241
12249
12251
12253
12263
12266
12267
12269
12273
12277
12281
12289
12293
12297
12299
12301
12303
12313
12317
12323
12327
12329
12331
12333
12337
12341
12343
12346
12347
12349
12351
12353
12361
12365
12369
12370
12373
12377
12379
12381
12385
12387
12389
12391
12394
12397
12401
12409
12410
12413
12417
12419
12421
12423
12431
12433
12434
12437
12443
12447
12449
12451
12457
12458
12461
12463
12469
12473
12477
12479
12481
12487
12489
12491
12497
12499
12501
12503
12506
12507
12509
12511
12514
12517
12521
12523
12527
12533
12537
12538
12539
12541
12545
12547
12551
12553
12554
12567
12569
12573
12577
12579
12581
12583
12587
12589
12591
12601
12602
12607
12609
12610
12611
12613
12619
12621
12629
12633
12634
12637
12639
12641
12647
12653
12657
12659
12661
12663
12665
12669
12671
12673
12674
12677
12679
12681
12682
12687
12689
12693
12697
12701
12703
12706
12709
12711
12713
12719
12721
12723
12729
12731
12737
12739
12743
12745
12746
12747
12751
12757
12761
12763
12769
12770
12771
12777
12781
12785
12789
12791
12793
12794
12797
12799
12802
12803
12805
12807
12809
12813
12817
12821
12823
12827
12829
12841
12843
12847
12849
12850
12851
12853
12859
12867
12869
12877
12881
12887
12889
12893
12899
12907
12911
12917
12919
12923
12927
12929
12933
12937
12938
12939
12941
12943
12946
12947
12949
12951
12953
12959
12961
12965
12967
12969
12970
12973
12977
12979
12981
12983
12989
12994
12999
13001
13003
13007
13009
13010
13017
13021
13023
13027
13029
13033
13037
13041
13042
13043
13049
13053
13057
13059
13061
13063
13069
13079
13081
13085
13087
13089
13093
13097
13099
13103
13106
13109
13113
13121
13127
13129
13131
13133
13137
13141
13147
13149
13151
13153
13154
13157
13159
13161
13163
13165
13167
13169
13171
13173
13177
13179
13183
13187
13193
13201
13203
13207
13211
13217
13219
13223
13226
13227
13229
13231
13233
13239
13241
13249
13250
13251
13257
13259
13261
13267
13269
13274
13279
13285
13287
13289
13291
13293
13297
13298
13301
13306
13309
13313
13323
13327
13329
13331
13333
13337
13339
13341
13345
13346
13347
13349
13353
13361
13363
13367
13369
13373
13381
13383
13385
13389
13393
13397
13399
13401
13402
13411
13417
13419
13421
13427
13429
13433
13441
13443
13449
13450
13451
13453
13457
13461
13463
13465
13466
13467
13469
13471
13473
13474
13477
13481
13487
13489
13491
13493
13497
13498
13499
13501
13503
13505
13509
13511
13513
13517
13519
13521
13522
13523
13527
13529
13537
13541
13543
13547
13549
13553
13557
13561
13562
13565
13567
13569
13571
13577
13581
13586
13587
13589
13591
13597
13599
13601
13609
13613
13619
13621
13623
13625
13627
13629
13633
13641
13647
13649
13657
13658
13661
13666
13669
13671
13679
13681
13682
13683
13687
13690
13691
13693
13697
13699
13701
13705
13707
13709
13711
13714
13717
13721
13723
13729
13730
13731
13733
13737
13739
13743
13745
13749
13751
13757
13759
13761
13763
13765
13769
13773
13777
13779
13781
13783
13786
13789
13799
13801
13803
13807
13809
13810
13813
13823
13827
13829
13831
13834
13839
13841
13849
13850
13851
13853
13859
13861
13863
13867
13869
13873
13877
13879
13883
13885
13887
13891
13897
13901
13903
13907
13909
13913
13917
13919
13921
13922
13925
13929
13931
13933
13937
13941
13945
13947
13953
13954
13957
13959
13961
13963
13967
13973
13981
13983
13985
13989
13993
13994
13997
13999
14003
14007
14009
14011
14017
14021
14026
14029
14031
14033
14037
14039
14041
14043
14045
14049
14051
14057
14063
14067
14069
14071
14073
14077
14081
14083
14087
14089
14093
14101
14103
14107
14109
14113
14114
14117
14121
14123
14125
14129
14137
14139
14141
14143
14147
14149
14153
14159
14162
14163
14165
14169
14170
14173
14177
14179
14181
14185
14189
14193
14197
14201
14203
14207
14209
14211
14213
14218
14219
14221
14223
14227
14231
14233
14237
14239
14241
14243
14247
14249
14251
14253
14257
14261
14269
14271
14273
14277
14281
14282
14283
14285
14290
14291
14293
14299
14301
14303
14307
14309
14314
14317
14321
14323
14327
14330
14333
14337
14341
14343
14347
14349
14353
14354
14361
14365
14367
14369
14377
14381
14386
14387
14389
14393
14397
14401
14403
14407
14409
14411
14413
14419
14421
14423
14425
14426
14427
14429
14431
14437
14441
14447
14449
14450
14453
14461
14463
14471
14474
14477
14479
14481
14482
14483
14485
14487
14489
14493
14499
14501
14503
14506
14509
14511
14513
14519
14521
14522
14523
14529
14530
14531
14533
14537
14539
14543
14545
14549
14551
14553
14557
14559
14561
14563
14567
14569
14571
14578
14581
14583
14585
14587
14589
14591
14593
14594
14597
14607
14609
14611
14613
14617
14619
14621
14627
14629
14633
14639
14641
14643
14650
14653
14657
14661
14663
14666
14667
14669
14681
14683
14689
14690
14691
14693
14697
14699
14705
14707
14709
14713
14717
14719
14722
14723
14731
14737
14738
14741
14743
14747
14749
14753
14757
14759
14761
14765
14767
14769
14771
14777
14779
14783
14785
14786
14789
14793
14797
14801
14809
14813
14817
14821
14825
14827
14829
14831
14834
14839
14843
14847
14849
14851
14853
14857
14866
14867
14869
14873
14877
14879
14881
14883
14887
14889
14891
14897
14901
14903
14907
14909
14914
14917
14921
14923
14927
14929
14930
14931
14933
14939
14941
14947
14949
14951
14953
14954
14957
14961
14967
14969
14971
14973
14981
14983
14989
14991
14993
14997
15001
15002
15003
15005
15007
15009
15013
15017
15021
15023
15031
15033
15034
15037
15041
15043
15047
15053
15057
15061
15063
15069
15073
15074
15077
15083
15087
15089
15091
15097
15099
15101
15107
15109
15117
15121
15123
15127
15129
15130
15131
15137
15139
15141
15145
15146
15149
15153
15154
15157
15159
15161
15167
15173
15177
15183
15185
15187
15193
15199
15201
15209
15213
15217
15221
15227
15229
15233
15239
15241
15242
15243
15250
15251
15253
15259
15261
15263
15267
15269
15271
15277
15279
15287
15289
15291
15297
15299
15303
15305
15307
15309
15313
15317
15319
15321
15323
15325
15329
15331
15338
15341
15343
15346
15349
15353
15357
15359
15361
15363
15367
15371
15373
15377
15381
15383
15387
15389
15391
15397
15399
15401
15407
15409
15411
15413
15417
15418
15421
15425
15427
15434
15437
15439
15441
15443
15447
15449
15451
15461
15463
15467
15469
15471
15473
15477
15481
15482
15489
15493
15497
15499
15501
15506
15507
15509
15511
15513
15514
15517
15519
15523
15527
15529
15530
15531
15537
15538
15539
15541
15545
15551
15553
15557
15559
15569
15573
15577
15578
15581
15583
15586
15593
15601
15603
15607
15609
15619
15621
15625
15629
15631
15634
15637
15641
15643
15647
15649
15650
15653
15658
15661
15663
15667
15669
15671
15673
15677
15679
15681
15683
15685
15687
15689
15693
15697
15701
15703
15706
15709
15713
15721
15723
15725
15727
15729
15731
15733
15737
15739
15746
15747
15749
15754
15757
15761
15767
15769
15771
15773
15779
15781
15783
15787
15791
15794
15797
15801
15802
15803
15807
15809
15813
15817
15821
15823
15829
15831
15833
15837
15842
15843
15849
15850
15851
15853
15859
15863
15866
15867
15869
15874
15877
15879
15881
15887
15889
15893
15901
15903
15905
15907
15909
15913
15914
15917
15919
15923
15929
15937
15938
15939
15941
15959
15961
15967
15969
15970
15971
15973
15979
15986
15989
15991
16001
16007
16009
16013
16017
16018
16021
16027
16033
16034
16037
16041
16042
16047
16049
16053
16057
16061
16063
16067
16069
16071
16073
16081
16083
16085
16087
16091
16093
16097
16101
16103
16105
16106
16111
16113
16117
16119
16121
16127
16129
16130
16131
16133
16137
16139
16141
16145
16147
16149
16151
16157
16161
16165
16173
16177
16181
16183
16186
16187
16189
16193
16197
16201
16203
16209
16213
16217
16219
16221
16223
16227
16229
16231
16234
16241
16247
16249
16250
16253
16257
16259
16261
16265
16267
16273
16281
16285
16291
16293
16297
16299
16301
16307
16309
16313
16319
16321
16323
16325
16327
16329
16333
16339
16347
16349
16353
16354
16357
16359
16361
16363
16369
16370
16373
16379
16381
16383
16389
16393
16397
16399
16401
16403
16405
16407
16409
16411
16413
16417
16418
16421
16427
16429
16433
16437
16441
16443
16447
16449
